================================================================================
用户 220352 的牌谱统计结果
================================================================================
分析模式: 16(王座), 12(玉), 9(金), 11(玉东), 8(金东)
总游戏局数: 1246

当前连续统计:
  连续吃一: 0 局
  连续一二: 0 局
  连续吃三: 1 局
  连续吃四: 0 局
  连续非一: 1 局
  连续非四: 2 局

历史最大连续记录:
  最大连续吃一: 6 局
  最大连续一二: 11 局
  最大连续吃三: 4 局
  最大连续吃四: 4 局
  最大连续非一: 22 局
  最大连续非四: 21 局
================================================================================

排名历史记录 (从当前时间往前):
================================================================================
最近排名记录:
   1. 2025-09-04 22:04:00 - 第3位 (玉)
   2. 2025-09-04 20:47:45 - 第1位 (玉)
   3. 2025-09-03 21:33:01 - 第4位 (玉)
   4. 2025-09-02 23:09:05 - 第3位 (玉)
   5. 2025-09-02 22:35:45 - 第1位 (玉)
   6. 2025-09-02 21:10:05 - 第2位 (玉)
   7. 2025-09-02 20:47:31 - 第2位 (玉)
   8. 2025-09-01 21:31:30 - 第3位 (玉)
   9. 2025-09-01 20:50:13 - 第1位 (玉)
  10. 2025-08-31 22:31:10 - 第1位 (玉)
  11. 2025-08-31 18:22:32 - 第1位 (玉)
  12. 2025-08-31 15:56:21 - 第1位 (玉)
  13. 2025-08-30 10:27:06 - 第2位 (玉)
  14. 2025-08-29 20:41:42 - 第1位 (玉)
  15. 2025-08-28 21:17:44 - 第1位 (玉)
  16. 2025-08-27 22:36:44 - 第1位 (玉)
  17. 2025-08-26 20:44:52 - 第2位 (玉)
  18. 2025-08-25 20:28:48 - 第1位 (玉)
  19. 2025-08-22 22:00:46 - 第1位 (玉)
  20. 2025-07-26 14:15:23 - 第4位 (玉)

排名分布:
  第1位: 346局 (27.8%)
  第2位: 340局 (27.3%)
  第3位: 305局 (24.5%)
  第4位: 255局 (20.5%)

各模式游戏数量:
  8(金东): 65局 (5.2%)
  9(金): 94局 (7.5%)
  11(玉东): 1局 (0.1%)
  12(玉): 1044局 (83.8%)
  16(王座): 42局 (3.4%)
================================================================================

排名数组 (共1246局):
  [3, 1, 4, 3, 1, 2, 2, 3, 1, 1, 1, 1, 2, 1, 1, 1, 2, 1, 1, 4, 1, 2, 2, 2, 4, 3, 1, 1, 1, 4, 4, 3, 1, 2, 3, 4, 1, 2, 1, 3, 4, 4, 1, 4, 3, 3, 4, 1, 2, 1, 2, 1, 2, 3, 4, 1, 4, 2, 2, 3, 2, 3, 2, 1, 1, 2, 4, 4, 1, 1, 3, 2, 2, 3, 3, 2, 2, 3, 3, 4, 2, 4, 3, 4, 4, 2, 4, 2, 3, 4, 4, 4, 1, 2, 3, 2, 3, 1, 4, 4, 1, 2, 3, 3, 1, 3, 1, 1, 2, 4, 1, 4, 1, 2, 2, 4, 1, 2, 1, 2, 2, 3, 2, 1, 1, 4, 3, 4, 3, 3, 3, 3, 2, 2, 3, 4, 2, 4, 2, 2, 3, 1, 1, 2, 1, 4, 1, 2, 2, 3, 1, 3, 1, 2, 4, 1, 3, 1, 4, 1, 1, 4, 1, 2, 3, 3, 2, 3, 4, 2, 3, 4, 2, 2, 3, 1, 2, 1, 3, 4, 3, 3, 4, 2, 4, 2, 4, 4, 1, 3, 2, 1, 2, 4, 4, 2, 4, 2, 2, 3, 1, 1, 4, 4, 4, 1, 1, 2, 1, 4, 4, 1, 1, 4, 4, 3, 3, 2, 3, 1, 1, 2, 4, 2, 1, 3, 1, 4, 2, 1, 2, 4, 2, 3, 3, 3, 3, 4, 3, 1, 4, 3, 2, 3, 2, 2, 2, 4, 3, 1, 4, 2, 1, 3, 1, 2, 1, 4, 1, 3, 2, 1, 1, 3, 4, 1, 1, 3, 3, 1, 4, 1, 3, 4, 4, 1, 4, 2, 3, 2, 2, 3, 2, 2, 4, 2, 2, 1, 2, 2, 4, 2, 3, 4, 3, 1, 4, 2, 4, 3, 2, 3, 1, 2, 1, 4, 4, 2, 2, 1, 1, 4, 4, 4, 2, 4, 4, 3, 1, 1, 4, 3, 4, 2, 2, 3, 3, 2, 2, 4, 1, 2, 2, 3, 2, 4, 3, 2, 3, 2, 1, 2, 3, 3, 2, 1, 4, 1, 2, 1, 2, 3, 3, 4, 2, 1, 2, 1, 1, 2, 2, 3, 3, 2, 3, 1, 1, 3, 4, 3, 4, 1, 2, 1, 3, 2, 3, 1, 4, 2, 2, 1, 3, 1, 4, 2, 2, 1, 3, 2, 4, 2, 2, 4, 1, 3, 2, 4, 3, 1, 1, 3, 3, 4, 4, 3, 1, 4, 2, 1, 4, 1, 4, 4, 4, 4, 2, 1, 2, 2, 4, 4, 1, 2, 4, 3, 1, 1, 3, 3, 2, 4, 1, 4, 3, 1, 4, 3, 4, 3, 3, 2, 4, 3, 3, 1, 3, 1, 1, 1, 4, 1, 2, 3, 2, 1, 2, 4, 1, 1, 3, 3, 2, 2, 3, 3, 1, 3, 4, 1, 3, 3, 2, 4, 3, 4, 2, 3, 3, 3, 4, 3, 3, 1, 3, 3, 1, 3, 3, 1, 1, 2, 1, 1, 1, 2, 1, 4, 3, 1, 1, 4, 4, 1, 1, 3, 3, 2, 3, 3, 4, 4, 2, 4, 2, 3, 1, 2, 4, 3, 1, 2, 2, 1, 3, 2, 4, 2, 2, 2, 2, 1, 3, 1, 2, 4, 2, 2, 3, 4, 2, 4, 1, 2, 4, 3, 1, 2, 4, 4, 4, 1, 3, 1, 2, 4, 4, 2, 1, 3, 2, 1, 3, 3, 1, 2, 1, 4, 4, 1, 1, 2, 2, 3, 4, 1, 2, 3, 1, 2, 4, 2, 3, 2, 2, 3, 4, 2, 3, 3, 3, 1, 4, 1, 2, 1, 1, 4, 4, 3, 3, 1, 2, 2, 3, 2, 1, 3, 3, 3, 2, 3, 3, 1, 1, 4, 1, 3, 4, 4, 2, 2, 1, 3, 2, 3, 1, 2, 3, 2, 2, 2, 4, 1, 3, 1, 1, 2, 3, 4, 3, 3, 3, 2, 1, 4, 2, 1, 2, 3, 1, 3, 1, 2, 3, 1, 2, 2, 2, 2, 3, 2, 2, 1, 1, 1, 4, 1, 3, 4, 3, 2, 3, 1, 4, 1, 2, 2, 2, 3, 2, 4, 2, 2, 3, 3, 2, 3, 3, 1, 2, 4, 1, 2, 1, 1, 3, 1, 2, 3, 1, 2, 1, 2, 2, 3, 4, 4, 1, 1, 4, 3, 3, 2, 1, 2, 4, 3, 1, 4, 2, 1, 1, 4, 3, 4, 1, 3, 3, 1, 2, 2, 4, 2, 1, 2, 4, 2, 4, 1, 3, 1, 3, 2, 2, 2, 1, 4, 3, 3, 2, 3, 1, 2, 3, 4, 2, 3, 3, 2, 3, 4, 4, 1, 1, 1, 3, 4, 2, 2, 4, 2, 3, 3, 2, 1, 1, 1, 4, 1, 4, 1, 3, 1, 3, 3, 4, 3, 3, 2, 2, 2, 2, 3, 4, 4, 2, 2, 1, 1, 2, 4, 1, 1, 2, 2, 2, 4, 2, 4, 1, 2, 3, 2, 1, 1, 2, 1, 1, 3, 2, 1, 2, 3, 2, 1, 2, 1, 2, 4, 1, 3, 4, 1, 2, 2, 4, 2, 3, 4, 4, 4, 2, 1, 1, 2, 2, 2, 1, 4, 1, 2, 1, 1, 3, 3, 1, 4, 3, 3, 1, 4, 3, 2, 1, 1, 2, 1, 1, 2, 3, 2, 4, 3, 1, 3, 1, 2, 1, 1, 1, 4, 2, 4, 1, 2, 1, 2, 3, 1, 1, 2, 4, 2, 3, 2, 2, 4, 3, 3, 3, 4, 3, 1, 4, 1, 2, 4, 4, 2, 4, 3, 3, 2, 4, 1, 1, 4, 1, 2, 4, 2, 4, 1, 2, 1, 2, 3, 3, 1, 4, 3, 2, 3, 2, 1, 3, 1, 3, 1, 1, 4, 2, 1, 1, 2, 3, 2, 3, 4, 1, 2, 1, 1, 1, 1, 3, 2, 1, 2, 3, 3, 1, 3, 3, 4, 1, 2, 3, 3, 4, 2, 2, 4, 2, 3, 3, 4, 4, 2, 2, 1, 4, 3, 4, 1, 1, 2, 3, 2, 1, 4, 2, 1, 1, 3, 1, 1, 4, 1, 4, 4, 1, 1, 4, 1, 3, 4, 3, 4, 2, 1, 2, 4, 4, 1, 3, 1, 3, 3, 1, 1, 2, 3, 1, 2, 3, 1, 3, 4, 3, 1, 2, 4, 2, 3, 4, 2, 3, 4, 2, 3, 3, 1, 3, 3, 4, 3, 1, 1, 3, 1, 3, 4, 4, 3, 3, 4, 2, 3, 3, 4, 1, 3, 4, 3, 2, 2, 1, 3, 2, 2, 2, 1, 3, 1, 2, 2, 1, 1, 1, 1, 1, 1, 2, 2, 4, 3, 1, 1, 3, 2, 1, 4, 2, 3, 2, 4, 1, 3, 4, 1, 4, 1, 3, 4, 1, 3, 2, 1, 2, 3, 3, 4, 3, 4, 2, 2, 3, 1, 2, 2, 2, 2, 3, 2, 3, 1, 1, 2, 2, 1, 1, 1, 1, 1, 4, 4, 1, 4, 4, 3, 2, 3, 1, 2, 1, 3, 4, 2, 2, 2, 1, 1, 4, 3, 2, 2, 4, 3, 2, 3, 2, 1, 1, 3, 2, 1, 3, 4, 3, 3, 2, 2, 3, 4, 1, 2, 4, 1, 3, 1, 2, 4, 2, 1, 4, 4, 4, 4, 3, 3, 2, 1, 1, 4, 3, 2, 2, 3, 4, 4, 3, 1, 3, 3, 1, 3, 3, 2, 2, 4, 1, 3, 1, 1, 4, 4, 1, 2, 1, 3, 2, 1, 1, 1, 1, 2, 2, 3, 1, 2, 2, 3, 2, 1, 1, 3, 4, 1, 1, 2, 2, 2, 4, 1]
